0.5904899984709651 0.5904899908595909 0.5314409971925549 0.531440997948234 0.0 
0.590489807822036 0.6560999933304164 0.5904897664979043 0.5314409970194254 0.0 
0.7289999935113025 0.5904769409909918 0.6560999779727665 0.5904899714817589 0.0 
0.0 0.5903708081286825 0.589126453972977 0.6560952136246343 0.0 
0.6560999985738315 0.5904899986179777 0.5314409979329802 0.5904899984835048 0.0 
0.0 0.0 0.0 0.0 0.0 
0.809999997598089 0.0 0.6560977413259318 0.7289984250207238 0.0 
0.0 0.0 0.0 0.0 -0.9999999999995453 
0.6560999975761777 0.7289999991006673 0.5904899983012598 0.6560999960121545 0.0 
0.7289996239972809 0.8099999997520717 0.7289999978636623 0.6560999271291743 0.0 
0.8099998707538771 0.8999999998723069 0.7289999913331651 0.7289998737362279 0.0 
0.0 0.0 0.0 0.0 0.999999999996362 
